15:15
0 20 30 21 29 21 30 21 28 30 26 30 27 30 26 
0 24 34 24 36 24 37 24 39 32 32 0 0 0 0 
0 24 82 24 84 24 85 24 32 32 0 0 0 0 0 
0 24 82 24 84 24 85 24 32 0 0 0 0 0 0 
0 24 82 24 84 24 85 24 0 0 0 0 0 0 0 
0 24 82 24 84 24 85 24 0 0 0 0 0 0 0 
0 25 0 25 0 25 0 25 0 0 18 0 0 0 18 
0 0 0 0 0 0 0 0 0 113 0 16 0 16 0 
0 0 0 0 0 0 0 17 0 0 0 0 38 0 0 
0 0 0 0 0 0 0 0 0 112 0 16 0 16 0 
0 24 0 24 0 24 0 0 0 0 18 0 0 0 18 
0 24 81 24 83 24 0 0 0 0 0 0 0 0 0 
0 24 81 24 83 24 32 0 50 0 0 0 0 0 0 
0 24 33 24 35 24 97 0 0 0 17 0 0 0 0 
0 22 26 27 26 27 26 26 29 26 26 28 28 26 26 
